{
  "stratified": true,
  "num_states_total": 450,
  "num_states_per_phase": {
    "early": 150,
    "mid": 150,
    "late": 150
  },
  "num_layers": 7,
  "labels": [
    "Stem",
    "Block 0",
    "Block 1",
    "Block 2",
    "Block 3",
    "Block 4",
    "Block 5"
  ],
  "global": {
    "cka_matrix": [
      [
        1.0,
        0.9415556192398071,
        0.8893923163414001,
        0.7279760837554932,
        0.5231258869171143,
        0.3953535854816437,
        0.31704795360565186
      ],
      [
        0.9415556192398071,
        1.0,
        0.9641125798225403,
        0.8119053840637207,
        0.598396360874176,
        0.4564272165298462,
        0.3711419403553009
      ],
      [
        0.8893923163414001,
        0.9641125798225403,
        1.0,
        0.9092286825180054,
        0.7179375290870667,
        0.5742025375366211,
        0.4870684742927551
      ],
      [
        0.7279760837554932,
        0.8119053840637207,
        0.9092286825180054,
        1.0,
        0.9295679330825806,
        0.8354734182357788,
        0.7667309045791626
      ],
      [
        0.5231258869171143,
        0.598396360874176,
        0.7179375290870667,
        0.9295679330825806,
        1.0,
        0.9737687706947327,
        0.9382705092430115
      ],
      [
        0.3953535854816437,
        0.4564272165298462,
        0.5742025375366211,
        0.8354734182357788,
        0.9737687706947327,
        1.0,
        0.9894242882728577
      ],
      [
        0.31704795360565186,
        0.3711419403553009,
        0.4870684742927551,
        0.7667309045791626,
        0.9382705092430115,
        0.9894242882728577,
        1.0
      ]
    ],
    "consecutive_cka": [
      {
        "pair": [
          "Stem",
          "Block 0"
        ],
        "cka": 0.9415556192398071
      },
      {
        "pair": [
          "Block 0",
          "Block 1"
        ],
        "cka": 0.9641125798225403
      },
      {
        "pair": [
          "Block 1",
          "Block 2"
        ],
        "cka": 0.9092286825180054
      },
      {
        "pair": [
          "Block 2",
          "Block 3"
        ],
        "cka": 0.9295679330825806
      },
      {
        "pair": [
          "Block 3",
          "Block 4"
        ],
        "cka": 0.9737687706947327
      },
      {
        "pair": [
          "Block 4",
          "Block 5"
        ],
        "cka": 0.9894242882728577
      }
    ],
    "redundant_pairs_095": [
      {
        "pair": [
          "Block 0",
          "Block 1"
        ],
        "cka": 0.9641125798225403
      },
      {
        "pair": [
          "Block 3",
          "Block 4"
        ],
        "cka": 0.9737687706947327
      },
      {
        "pair": [
          "Block 4",
          "Block 5"
        ],
        "cka": 0.9894242882728577
      }
    ],
    "high_similarity_090": [
      {
        "pair": [
          "Stem",
          "Block 0"
        ],
        "cka": 0.9415556192398071
      },
      {
        "pair": [
          "Block 1",
          "Block 2"
        ],
        "cka": 0.9092286825180054
      },
      {
        "pair": [
          "Block 2",
          "Block 3"
        ],
        "cka": 0.9295679330825806
      }
    ]
  },
  "per_phase": {
    "early": {
      "num_states": 150,
      "cka_matrix": [
        [
          1.0,
          0.978702187538147,
          0.945791482925415,
          0.8205212950706482,
          0.6167058348655701,
          0.49010902643203735,
          0.39960137009620667
        ],
        [
          0.978702187538147,
          1.0,
          0.9753078818321228,
          0.8516074419021606,
          0.6510590314865112,
          0.5201884508132935,
          0.429442822933197
        ],
        [
          0.945791482925415,
          0.9753078818321228,
          1.0,
          0.9190447330474854,
          0.7420249581336975,
          0.6088306307792664,
          0.5204164385795593
        ],
        [
          0.8205212950706482,
          0.8516074419021606,
          0.9190447330474854,
          1.0,
          0.9364306330680847,
          0.8549703359603882,
          0.7876696586608887
        ],
        [
          0.6167058348655701,
          0.6510590314865112,
          0.7420249581336975,
          0.9364306330680847,
          1.0,
          0.977120041847229,
          0.9452035427093506
        ],
        [
          0.49010902643203735,
          0.5201884508132935,
          0.6088306307792664,
          0.8549703359603882,
          0.977120041847229,
          1.0,
          0.9900600910186768
        ],
        [
          0.39960137009620667,
          0.429442822933197,
          0.5204164385795593,
          0.7876696586608887,
          0.9452035427093506,
          0.9900600910186768,
          1.0
        ]
      ],
      "consecutive_cka": [
        {
          "pair": [
            "Stem",
            "Block 0"
          ],
          "cka": 0.978702187538147
        },
        {
          "pair": [
            "Block 0",
            "Block 1"
          ],
          "cka": 0.9753078818321228
        },
        {
          "pair": [
            "Block 1",
            "Block 2"
          ],
          "cka": 0.9190447330474854
        },
        {
          "pair": [
            "Block 2",
            "Block 3"
          ],
          "cka": 0.9364306330680847
        },
        {
          "pair": [
            "Block 3",
            "Block 4"
          ],
          "cka": 0.977120041847229
        },
        {
          "pair": [
            "Block 4",
            "Block 5"
          ],
          "cka": 0.9900600910186768
        }
      ],
      "redundant_pairs_095": [
        {
          "pair": [
            "Stem",
            "Block 0"
          ],
          "cka": 0.978702187538147
        },
        {
          "pair": [
            "Block 0",
            "Block 1"
          ],
          "cka": 0.9753078818321228
        },
        {
          "pair": [
            "Block 3",
            "Block 4"
          ],
          "cka": 0.977120041847229
        },
        {
          "pair": [
            "Block 4",
            "Block 5"
          ],
          "cka": 0.9900600910186768
        }
      ],
      "high_similarity_090": [
        {
          "pair": [
            "Block 1",
            "Block 2"
          ],
          "cka": 0.9190447330474854
        },
        {
          "pair": [
            "Block 2",
            "Block 3"
          ],
          "cka": 0.9364306330680847
        }
      ]
    },
    "mid": {
      "num_states": 150,
      "cka_matrix": [
        [
          1.0,
          0.9599207043647766,
          0.8853471875190735,
          0.5944231748580933,
          0.33772313594818115,
          0.20808853209018707,
          0.14527031779289246
        ],
        [
          0.9599207043647766,
          1.0,
          0.9484838247299194,
          0.6611248850822449,
          0.38859182596206665,
          0.24562738835811615,
          0.1766446977853775
        ],
        [
          0.8853471875190735,
          0.9484838247299194,
          1.0,
          0.8240304589271545,
          0.5716167688369751,
          0.41983699798583984,
          0.3419477045536041
        ],
        [
          0.5944231748580933,
          0.6611248850822449,
          0.8240304589271545,
          1.0,
          0.916903555393219,
          0.8187994956970215,
          0.7539165616035461
        ],
        [
          0.33772313594818115,
          0.38859182596206665,
          0.5716167688369751,
          0.916903555393219,
          1.0,
          0.9730095267295837,
          0.9362361431121826
        ],
        [
          0.20808853209018707,
          0.24562738835811615,
          0.41983699798583984,
          0.8187994956970215,
          0.9730095267295837,
          1.0,
          0.9892988204956055
        ],
        [
          0.14527031779289246,
          0.1766446977853775,
          0.3419477045536041,
          0.7539165616035461,
          0.9362361431121826,
          0.9892988204956055,
          1.0
        ]
      ],
      "consecutive_cka": [
        {
          "pair": [
            "Stem",
            "Block 0"
          ],
          "cka": 0.9599207043647766
        },
        {
          "pair": [
            "Block 0",
            "Block 1"
          ],
          "cka": 0.9484838247299194
        },
        {
          "pair": [
            "Block 1",
            "Block 2"
          ],
          "cka": 0.8240304589271545
        },
        {
          "pair": [
            "Block 2",
            "Block 3"
          ],
          "cka": 0.916903555393219
        },
        {
          "pair": [
            "Block 3",
            "Block 4"
          ],
          "cka": 0.9730095267295837
        },
        {
          "pair": [
            "Block 4",
            "Block 5"
          ],
          "cka": 0.9892988204956055
        }
      ],
      "redundant_pairs_095": [
        {
          "pair": [
            "Stem",
            "Block 0"
          ],
          "cka": 0.9599207043647766
        },
        {
          "pair": [
            "Block 3",
            "Block 4"
          ],
          "cka": 0.9730095267295837
        },
        {
          "pair": [
            "Block 4",
            "Block 5"
          ],
          "cka": 0.9892988204956055
        }
      ],
      "high_similarity_090": [
        {
          "pair": [
            "Block 0",
            "Block 1"
          ],
          "cka": 0.9484838247299194
        },
        {
          "pair": [
            "Block 2",
            "Block 3"
          ],
          "cka": 0.916903555393219
        }
      ]
    },
    "late": {
      "num_states": 150,
      "cka_matrix": [
        [
          1.0,
          0.9555943012237549,
          0.8500184416770935,
          0.5100747346878052,
          0.26579970121383667,
          0.1624433547258377,
          0.11896228045225143
        ],
        [
          0.9555943012237549,
          1.0,
          0.9269017577171326,
          0.5872052311897278,
          0.3184998035430908,
          0.20188070833683014,
          0.15179656445980072
        ],
        [
          0.8500184416770935,
          0.9269017577171326,
          1.0,
          0.7949709296226501,
          0.5426105260848999,
          0.4151979684829712,
          0.35394319891929626
        ],
        [
          0.5100747346878052,
          0.5872052311897278,
          0.7949709296226501,
          1.0,
          0.9221550822257996,
          0.8462602496147156,
          0.7965085506439209
        ],
        [
          0.26579970121383667,
          0.3184998035430908,
          0.5426105260848999,
          0.9221550822257996,
          1.0,
          0.9819127321243286,
          0.9568573832511902
        ],
        [
          0.1624433547258377,
          0.20188070833683014,
          0.4151979684829712,
          0.8462602496147156,
          0.9819127321243286,
          1.0,
          0.9925186634063721
        ],
        [
          0.11896228045225143,
          0.15179656445980072,
          0.35394319891929626,
          0.7965085506439209,
          0.9568573832511902,
          0.9925186634063721,
          1.0
        ]
      ],
      "consecutive_cka": [
        {
          "pair": [
            "Stem",
            "Block 0"
          ],
          "cka": 0.9555943012237549
        },
        {
          "pair": [
            "Block 0",
            "Block 1"
          ],
          "cka": 0.9269017577171326
        },
        {
          "pair": [
            "Block 1",
            "Block 2"
          ],
          "cka": 0.7949709296226501
        },
        {
          "pair": [
            "Block 2",
            "Block 3"
          ],
          "cka": 0.9221550822257996
        },
        {
          "pair": [
            "Block 3",
            "Block 4"
          ],
          "cka": 0.9819127321243286
        },
        {
          "pair": [
            "Block 4",
            "Block 5"
          ],
          "cka": 0.9925186634063721
        }
      ],
      "redundant_pairs_095": [
        {
          "pair": [
            "Stem",
            "Block 0"
          ],
          "cka": 0.9555943012237549
        },
        {
          "pair": [
            "Block 3",
            "Block 4"
          ],
          "cka": 0.9819127321243286
        },
        {
          "pair": [
            "Block 4",
            "Block 5"
          ],
          "cka": 0.9925186634063721
        }
      ],
      "high_similarity_090": [
        {
          "pair": [
            "Block 0",
            "Block 1"
          ],
          "cka": 0.9269017577171326
        },
        {
          "pair": [
            "Block 2",
            "Block 3"
          ],
          "cka": 0.9221550822257996
        }
      ]
    }
  }
}